2023-08-06 06:59:20.215129 - Initialized conversion of CBT770
2023-08-06 06:59:20.337030 - Received CBT.V505.FILE770.PDS from FILE770.XMI 
2023-08-06 06:59:20.339474 - Found $$$#DATE.txt (text/plain) in CBT.V505.FILE770.PDS, moved to PDS/$$$#DATE
2023-08-06 06:59:20.340628 - Found $DOCTXT.txt (text/plain) in CBT.V505.FILE770.PDS, moved to PDS/$DOCTXT
2023-08-06 06:59:20.341702 - Found $INSTALL.jcl (text/plain) in CBT.V505.FILE770.PDS, moved to PDS/$INSTALL
2023-08-06 06:59:20.342726 - Found $INSTAL1.jcl (text/plain) in CBT.V505.FILE770.PDS, moved to PDS/$INSTAL1
2023-08-06 06:59:20.343640 - Found $ZJOS.txt (text/plain) in CBT.V505.FILE770.PDS, moved to PDS/$ZJOS
2023-08-06 06:59:20.345526 - De-xmi-ed @DOC to CBT770/docs/@DOC.doc
2023-08-06 06:59:20.346544 - Found @FILE770.txt (text/plain) in CBT.V505.FILE770.PDS, moved to PDS/@FILE770
2023-08-06 06:59:20.347586 - Found CBTSETUP.rexx (text/plain) in CBT.V505.FILE770.PDS, moved to PDS/CBTSETUP
2023-08-06 06:59:20.368735 - Found JCLLIB.xmi (application/xmit) in CBT.V505.FILE770.PDS
2023-08-06 06:59:20.374071   - Received to CBT770/ZCBT.JCLLIB
2023-08-06 06:59:20.384662 - Found LOADLIB.xmi (application/xmit) in CBT.V505.FILE770.PDS
2023-08-06 06:59:20.406249   - Received RECFM=U data, stored XMIT file as CBT770/LOADLIB.xmi
2023-08-06 06:59:20.540877 - Found MACLIB.xmi (application/xmit) in CBT.V505.FILE770.PDS
2023-08-06 06:59:20.562885   - Received to CBT770/CBT.MACLIB
2023-08-06 06:59:20.605640 - Found REXXLIB.xmi (application/xmit) in CBT.V505.FILE770.PDS
2023-08-06 06:59:20.615003   - Received to CBT770/ZCBT.REXXLIB
2023-08-06 06:59:20.655776 - Found SAMPLIB.xmi (application/xmit) in CBT.V505.FILE770.PDS
2023-08-06 06:59:20.665767   - Received to CBT770/ZCBT.SAMPLIB
2023-08-06 06:59:20.691613 - Found SRCLIB.xmi (application/xmit) in CBT.V505.FILE770.PDS
2023-08-06 06:59:20.695262   - Received to CBT770/CBT.SRCLIB
